===============Минимакс===============
ЛУЧШАЯ ПРИСПОСОБЛЯЕМОСТЬ: 34
КОЛИЧЕСТВО ПОВТОРОВ: 11
КОЛИЧЕСТВО ПОЛУЧЕННЫХ ПОКОЛЕНИЙ: 20
Поколение 0: 
[20, 17, 18, 10]
[14, 16, 18, 19]
[19, 12, 11, 18]
[17, 18, 11, 11]
[18, 15, 16, 19]
[10, 12, 10, 19]
[12, 12, 20, 13]
[14, 11, 11, 16]
[20, 20, 12, 16]
[13, 14, 15, 15]
[19, 15, 17, 18] 41
-----------------
[14, 13, 18, 14]
[15, 19, 17, 20]
[12, 13, 17, 13]
[12, 20, 10, 18]
[17, 13, 18, 14]
[16, 13, 16, 13]
[16, 14, 16, 18]
[10, 20, 10, 13]
[13, 10, 11, 13]
[17, 11, 11, 12]
[20, 13, 12, 19] 45
-----------------
[14, 19, 13, 11]
[20, 11, 14, 12]
[10, 16, 20, 19]
[14, 15, 18, 20]
[15, 16, 13, 14]
[18, 20, 13, 12]
[10, 18, 17, 10]
[18, 16, 16, 11]
[14, 11, 15, 11]
[18, 20, 13, 20]
[14, 16, 13, 14] 45
-----------------
[13, 17, 13, 18]
[15, 15, 16, 12]
[19, 12, 17, 14]
[20, 19, 19, 12]
[14, 10, 19, 12]
[16, 20, 13, 20]
[10, 16, 19, 20]
[11, 13, 13, 12]
[18, 20, 20, 17]
[13, 18, 11, 19]
[18, 14, 17, 20] 49
-----------------
[13, 16, 15, 15]
[19, 14, 10, 14]
[18, 14, 12, 18]
[14, 15, 16, 12]
[19, 16, 16, 15]
[19, 11, 20, 10]
[20, 16, 10, 17]
[13, 20, 10, 18]
[18, 18, 13, 20]
[18, 10, 17, 10]
[20, 11, 11, 20] 41
-----------------
[20, 19, 13, 15]
[16, 18, 11, 20]
[19, 19, 12, 20]
[12, 18, 14, 18]
[10, 15, 19, 16]
[11, 15, 16, 15]
[17, 16, 10, 15]
[15, 20, 17, 15]
[12, 11, 17, 18]
[15, 14, 10, 15]
[11, 14, 13, 20] 49
-----------------
[11, 10, 14, 17]
[14, 13, 11, 17]
[17, 15, 13, 12]
[19, 15, 16, 20]
[19, 11, 13, 15]
[13, 17, 14, 12]
[15, 10, 19, 11]
[16, 16, 15, 17]
[16, 18, 14, 17]
[17, 14, 19, 12]
[10, 19, 19, 10] 45
-----------------
[17, 17, 20, 15]
[13, 13, 14, 11]
[17, 20, 14, 16]
[12, 14, 17, 13]
[10, 16, 10, 16]
[13, 18, 19, 16]
[10, 12, 14, 19]
[12, 12, 14, 16]
[10, 20, 20, 14]
[11, 18, 19, 10]
[14, 11, 17, 20] 41
-----------------
[16, 12, 17, 14]
[14, 15, 19, 20]
[13, 18, 10, 13]
[15, 11, 11, 16]
[11, 19, 17, 15]
[15, 19, 18, 19]
[13, 11, 12, 10]
[14, 16, 11, 19]
[11, 13, 12, 19]
[13, 19, 12, 18]
[16, 18, 12, 14] 41
-----------------
[10, 19, 13, 17]
[20, 10, 16, 20]
[12, 18, 17, 11]
[14, 17, 13, 18]
[13, 20, 10, 13]
[10, 12, 16, 11]
[13, 18, 14, 13]
[12, 14, 12, 10]
[13, 15, 15, 13]
[19, 12, 13, 10]
[19, 14, 14, 11] 36
-----------------
[0, 10, 80, 18]
[156, 12, 128, 26]
[79, 50, 143, 82]
[15, 77, 14, 30]
[13, 6, 83, 79]
[25, 11, 78, 140]
[146, 52, 24, 82]
[42, 10, 140, 44]
[15, 10, 20, 67]
[10, 30, 6, 173]
[21, 166, 78, 20] 43
-----------------
Поколение 1: 
[20, 17, 18, 10]
[14, 16, 18, 19]
[19, 12, 11, 18]
[17, 18, 11, 11]
[18, 15, 16, 19]
[10, 12, 10, 19]
[12, 12, 20, 13]
[14, 11, 11, 16]
[20, 20, 12, 16]
[13, 14, 15, 15]
[19, 15, 17, 18] 41
-----------------
[14, 13, 18, 14]
[15, 19, 17, 20]
[12, 13, 17, 13]
[12, 20, 10, 18]
[17, 13, 18, 14]
[16, 13, 16, 13]
[16, 14, 16, 18]
[10, 20, 10, 13]
[13, 10, 11, 13]
[17, 11, 11, 12]
[20, 13, 12, 19] 45
-----------------
[13, 16, 15, 15]
[19, 14, 10, 14]
[18, 14, 12, 18]
[14, 15, 16, 12]
[19, 16, 16, 15]
[19, 11, 20, 10]
[20, 16, 10, 17]
[13, 20, 10, 18]
[18, 18, 13, 20]
[18, 10, 17, 10]
[14, 16, 13, 14] 40
-----------------
[13, 17, 13, 18]
[15, 15, 16, 12]
[19, 12, 17, 14]
[20, 19, 19, 12]
[14, 10, 19, 12]
[16, 20, 13, 20]
[10, 16, 19, 20]
[11, 13, 13, 12]
[18, 20, 20, 17]
[13, 18, 11, 19]
[18, 14, 17, 20] 49
-----------------
[13, 16, 15, 15]
[19, 14, 10, 14]
[18, 14, 12, 18]
[14, 15, 16, 12]
[19, 16, 16, 15]
[19, 11, 20, 10]
[20, 16, 10, 17]
[13, 20, 10, 18]
[18, 18, 13, 20]
[18, 10, 17, 10]
[20, 11, 11, 20] 41
-----------------
[20, 19, 13, 15]
[16, 18, 11, 20]
[19, 19, 12, 20]
[12, 18, 14, 18]
[10, 15, 19, 16]
[11, 15, 16, 15]
[17, 16, 10, 15]
[15, 20, 17, 15]
[12, 11, 17, 18]
[15, 14, 10, 15]
[11, 14, 13, 20] 49
-----------------
[11, 10, 14, 17]
[14, 13, 11, 17]
[17, 15, 13, 12]
[19, 15, 16, 20]
[19, 11, 13, 15]
[13, 17, 14, 12]
[15, 10, 19, 11]
[16, 16, 15, 17]
[16, 18, 14, 17]
[17, 14, 19, 12]
[10, 19, 19, 10] 45
-----------------
[13, 16, 15, 15]
[13, 13, 14, 11]
[17, 20, 14, 16]
[12, 14, 17, 13]
[10, 16, 10, 16]
[13, 18, 19, 16]
[10, 12, 14, 19]
[12, 12, 14, 16]
[10, 20, 20, 14]
[11, 18, 19, 10]
[14, 11, 17, 20] 37
-----------------
[16, 12, 17, 14]
[14, 15, 19, 20]
[13, 18, 10, 13]
[15, 11, 11, 16]
[11, 19, 17, 15]
[15, 19, 18, 19]
[13, 11, 12, 10]
[14, 16, 11, 19]
[11, 13, 12, 19]
[13, 19, 12, 18]
[16, 18, 12, 14] 41
-----------------
[10, 19, 13, 17]
[20, 10, 16, 20]
[12, 18, 17, 11]
[14, 17, 13, 18]
[13, 20, 10, 13]
[10, 12, 16, 11]
[13, 18, 14, 13]
[12, 14, 12, 10]
[13, 15, 15, 13]
[19, 12, 13, 10]
[19, 14, 14, 11] 36
-----------------
[0, 10, 80, 18]
[156, 12, 128, 26]
[79, 50, 143, 82]
[15, 77, 14, 30]
[13, 6, 83, 79]
[25, 11, 78, 140]
[146, 52, 24, 82]
[42, 10, 140, 44]
[15, 10, 20, 67]
[10, 30, 6, 173]
[21, 166, 78, 20] 43
-----------------
Поколение 2: 
[20, 17, 18, 10]
[14, 16, 18, 19]
[19, 12, 11, 18]
[17, 18, 11, 11]
[18, 15, 16, 19]
[10, 12, 10, 19]
[12, 12, 20, 13]
[14, 11, 11, 16]
[20, 20, 12, 16]
[13, 14, 15, 15]
[19, 15, 17, 18] 41
-----------------
[14, 13, 18, 14]
[15, 19, 17, 20]
[12, 13, 17, 13]
[12, 14, 17, 13]
[10, 16, 10, 16]
[13, 18, 19, 16]
[10, 12, 14, 19]
[12, 12, 14, 16]
[10, 20, 20, 14]
[11, 18, 19, 10]
[14, 11, 17, 20] 39
-----------------
[13, 16, 15, 15]
[19, 14, 10, 14]
[18, 14, 12, 18]
[14, 15, 16, 12]
[19, 16, 16, 15]
[19, 11, 20, 10]
[20, 16, 10, 17]
[13, 20, 10, 18]
[18, 18, 13, 20]
[18, 10, 17, 10]
[14, 16, 13, 14] 40
-----------------
[13, 17, 13, 18]
[15, 15, 16, 12]
[19, 12, 11, 18]
[17, 18, 11, 11]
[18, 15, 16, 19]
[10, 12, 10, 19]
[12, 12, 20, 13]
[14, 11, 11, 16]
[20, 20, 12, 16]
[13, 14, 15, 15]
[19, 15, 17, 18] 43
-----------------
[13, 16, 15, 15]
[19, 14, 10, 14]
[18, 14, 12, 18]
[14, 15, 16, 12]
[19, 16, 16, 15]
[19, 11, 20, 10]
[20, 16, 10, 17]
[13, 20, 10, 18]
[18, 18, 13, 20]
[18, 10, 17, 10]
[20, 11, 11, 20] 41
-----------------
[14, 13, 18, 14]
[15, 19, 17, 20]
[12, 13, 17, 13]
[12, 20, 10, 18]
[10, 15, 19, 16]
[11, 15, 16, 15]
[17, 16, 10, 15]
[15, 20, 17, 15]
[12, 11, 17, 18]
[15, 14, 10, 15]
[11, 14, 13, 20] 47
-----------------
[11, 10, 14, 17]
[14, 13, 11, 17]
[17, 15, 13, 12]
[19, 15, 16, 20]
[19, 11, 13, 15]
[13, 17, 14, 12]
[15, 10, 19, 11]
[16, 16, 15, 17]
[16, 18, 14, 17]
[17, 14, 19, 12]
[10, 19, 19, 10] 45
-----------------
[13, 16, 15, 15]
[13, 13, 14, 11]
[17, 20, 14, 16]
[12, 14, 17, 13]
[10, 16, 10, 16]
[13, 18, 19, 16]
[10, 12, 14, 19]
[12, 12, 14, 16]
[10, 20, 20, 14]
[11, 18, 19, 10]
[14, 11, 17, 20] 37
-----------------
[16, 12, 17, 14]
[14, 15, 19, 20]
[13, 18, 10, 13]
[15, 11, 11, 16]
[11, 19, 17, 15]
[15, 19, 18, 19]
[13, 11, 12, 10]
[14, 16, 11, 19]
[11, 13, 12, 19]
[13, 19, 12, 18]
[16, 18, 12, 14] 41
-----------------
[10, 19, 13, 17]
[20, 10, 16, 20]
[12, 18, 17, 11]
[14, 17, 13, 18]
[13, 20, 10, 13]
[10, 12, 16, 11]
[13, 18, 14, 13]
[12, 14, 12, 10]
[13, 15, 15, 13]
[19, 12, 13, 10]
[19, 14, 14, 11] 36
-----------------
[0, 10, 80, 18]
[156, 12, 128, 26]
[79, 50, 143, 82]
[15, 77, 14, 30]
[13, 6, 83, 79]
[25, 11, 78, 140]
[146, 52, 24, 82]
[42, 10, 140, 44]
[15, 10, 20, 67]
[10, 30, 6, 173]
[21, 166, 78, 20] 43
-----------------
Поколение 3: 
[20, 17, 18, 10]
[14, 16, 18, 19]
[19, 12, 11, 18]
[17, 18, 11, 11]
[18, 15, 16, 19]
[10, 12, 10, 19]
[12, 12, 20, 13]
[14, 11, 11, 16]
[20, 20, 12, 16]
[13, 14, 15, 15]
[19, 15, 17, 18] 41
-----------------
[14, 13, 18, 14]
[15, 19, 17, 20]
[12, 13, 17, 13]
[12, 14, 17, 13]
[10, 16, 10, 16]
[13, 18, 19, 16]
[10, 12, 14, 19]
[12, 12, 14, 16]
[10, 20, 20, 14]
[11, 18, 19, 10]
[14, 11, 17, 20] 39
-----------------
[13, 16, 15, 15]
[19, 14, 10, 14]
[18, 14, 12, 18]
[14, 15, 16, 12]
[19, 16, 16, 15]
[19, 11, 20, 10]
[20, 16, 10, 17]
[13, 20, 10, 18]
[18, 18, 13, 20]
[18, 10, 17, 10]
[14, 16, 13, 14] 40
-----------------
[13, 17, 13, 18]
[15, 15, 16, 12]
[19, 12, 11, 18]
[17, 18, 11, 11]
[18, 15, 16, 19]
[10, 12, 10, 19]
[12, 12, 20, 13]
[14, 11, 11, 16]
[20, 20, 12, 16]
[13, 14, 15, 15]
[19, 15, 17, 18] 43
-----------------
[13, 16, 15, 15]
[19, 14, 10, 14]
[18, 14, 12, 18]
[14, 15, 16, 12]
[19, 16, 16, 15]
[19, 11, 20, 10]
[20, 16, 10, 17]
[13, 20, 10, 18]
[18, 18, 13, 20]
[18, 10, 17, 10]
[20, 11, 11, 20] 41
-----------------
[14, 13, 18, 14]
[15, 19, 17, 20]
[12, 13, 17, 13]
[12, 20, 10, 18]
[10, 15, 19, 16]
[11, 15, 16, 15]
[17, 16, 10, 15]
[15, 20, 17, 15]
[12, 11, 17, 18]
[15, 14, 10, 15]
[11, 14, 13, 20] 47
-----------------
[11, 10, 14, 17]
[14, 13, 11, 17]
[17, 15, 13, 12]
[19, 15, 16, 20]
[19, 11, 13, 15]
[13, 17, 14, 12]
[15, 10, 19, 11]
[16, 16, 15, 17]
[16, 18, 14, 17]
[17, 14, 19, 12]
[10, 19, 19, 10] 45
-----------------
[13, 16, 15, 15]
[13, 13, 14, 11]
[17, 20, 14, 16]
[12, 14, 17, 13]
[10, 16, 10, 16]
[13, 18, 19, 16]
[10, 12, 14, 19]
[12, 12, 14, 16]
[10, 20, 20, 14]
[11, 18, 19, 10]
[14, 11, 17, 20] 37
-----------------
[16, 12, 17, 14]
[14, 15, 19, 20]
[13, 18, 10, 13]
[15, 11, 11, 16]
[11, 19, 17, 15]
[15, 19, 18, 19]
[13, 11, 12, 10]
[14, 16, 11, 19]
[11, 13, 12, 19]
[13, 19, 12, 18]
[16, 18, 12, 14] 41
-----------------
[10, 19, 13, 17]
[20, 10, 16, 20]
[12, 18, 17, 11]
[14, 17, 13, 18]
[13, 20, 10, 13]
[10, 12, 16, 11]
[13, 18, 14, 13]
[12, 14, 12, 10]
[13, 15, 15, 13]
[19, 12, 13, 10]
[19, 14, 14, 11] 36
-----------------
[0, 10, 80, 18]
[156, 12, 128, 26]
[79, 50, 143, 82]
[15, 77, 14, 30]
[13, 6, 83, 79]
[25, 11, 78, 140]
[146, 52, 24, 82]
[42, 10, 140, 44]
[15, 10, 20, 67]
[10, 30, 6, 173]
[21, 166, 78, 20] 43
-----------------
Поколение 4: 
[16, 12, 17, 14]
[14, 15, 19, 20]
[13, 18, 10, 13]
[15, 11, 11, 16]
[18, 15, 16, 19]
[10, 12, 10, 19]
[12, 12, 20, 13]
[14, 11, 11, 16]
[20, 20, 12, 16]
[13, 14, 15, 15]
[19, 15, 17, 18] 39
-----------------
[14, 13, 18, 14]
[15, 19, 17, 20]
[12, 13, 17, 13]
[12, 14, 17, 13]
[10, 16, 10, 16]
[13, 18, 19, 16]
[10, 12, 14, 19]
[12, 12, 14, 16]
[10, 20, 20, 14]
[11, 18, 19, 10]
[14, 11, 17, 20] 39
-----------------
[13, 16, 15, 15]
[19, 14, 10, 14]
[18, 14, 12, 18]
[14, 15, 16, 12]
[19, 16, 16, 15]
[19, 11, 20, 10]
[20, 16, 10, 17]
[13, 20, 10, 18]
[18, 18, 13, 20]
[18, 10, 17, 10]
[14, 16, 13, 14] 40
-----------------
[13, 17, 13, 18]
[15, 15, 16, 12]
[19, 12, 11, 18]
[17, 18, 11, 11]
[18, 15, 16, 19]
[10, 12, 10, 19]
[12, 12, 20, 13]
[14, 11, 11, 16]
[20, 20, 12, 16]
[13, 14, 15, 15]
[19, 15, 17, 18] 43
-----------------
[13, 16, 15, 15]
[19, 14, 10, 14]
[18, 14, 12, 18]
[14, 15, 16, 12]
[19, 16, 16, 15]
[19, 11, 20, 10]
[20, 16, 10, 17]
[13, 20, 10, 18]
[18, 18, 13, 20]
[18, 10, 17, 10]
[20, 11, 11, 20] 41
-----------------
[14, 13, 18, 14]
[15, 19, 17, 20]
[12, 13, 17, 13]
[12, 20, 10, 18]
[10, 15, 19, 16]
[11, 15, 16, 15]
[17, 16, 10, 15]
[15, 20, 17, 15]
[12, 11, 17, 18]
[15, 14, 10, 15]
[11, 14, 13, 20] 47
-----------------
[11, 10, 14, 17]
[14, 13, 11, 17]
[17, 15, 13, 12]
[19, 15, 16, 20]
[19, 11, 13, 15]
[13, 17, 14, 12]
[15, 10, 19, 11]
[16, 16, 15, 17]
[16, 18, 14, 17]
[17, 14, 19, 12]
[10, 19, 19, 10] 45
-----------------
[13, 16, 15, 15]
[13, 13, 14, 11]
[17, 20, 14, 16]
[12, 14, 17, 13]
[10, 16, 10, 16]
[13, 18, 19, 16]
[10, 12, 14, 19]
[12, 12, 14, 16]
[10, 20, 20, 14]
[11, 18, 19, 10]
[14, 11, 17, 20] 37
-----------------
[16, 12, 17, 14]
[14, 15, 19, 20]
[13, 18, 10, 13]
[15, 11, 11, 16]
[11, 19, 17, 15]
[15, 19, 18, 19]
[13, 11, 12, 10]
[14, 16, 11, 19]
[11, 13, 12, 19]
[13, 19, 12, 18]
[16, 18, 12, 14] 41
-----------------
[10, 19, 13, 17]
[20, 10, 16, 20]
[12, 18, 17, 11]
[14, 17, 13, 18]
[13, 20, 10, 13]
[10, 12, 16, 11]
[13, 18, 14, 13]
[12, 14, 12, 10]
[13, 15, 15, 13]
[19, 12, 13, 10]
[19, 14, 14, 11] 36
-----------------
[0, 10, 80, 18]
[156, 12, 128, 26]
[79, 50, 143, 82]
[15, 77, 14, 30]
[13, 6, 83, 79]
[25, 11, 78, 140]
[146, 52, 24, 82]
[42, 10, 140, 44]
[15, 10, 20, 67]
[10, 30, 6, 173]
[21, 166, 78, 20] 43
-----------------
Поколение 5: 
[16, 12, 17, 14]
[14, 15, 19, 20]
[13, 18, 10, 13]
[15, 11, 11, 16]
[18, 15, 16, 19]
[10, 12, 10, 19]
[12, 12, 20, 13]
[14, 11, 11, 16]
[20, 20, 12, 16]
[13, 14, 15, 15]
[19, 15, 17, 18] 39
-----------------
[14, 13, 18, 14]
[15, 19, 17, 20]
[12, 13, 17, 13]
[12, 14, 17, 13]
[10, 16, 10, 16]
[13, 18, 19, 16]
[10, 12, 14, 19]
[12, 12, 14, 16]
[10, 20, 20, 14]
[11, 18, 19, 10]
[14, 11, 17, 20] 39
-----------------
[14, 13, 18, 14]
[15, 19, 17, 20]
[12, 13, 17, 13]
[12, 14, 17, 13]
[10, 16, 10, 16]
[13, 18, 19, 16]
[10, 12, 14, 19]
[12, 12, 14, 16]
[10, 20, 20, 14]
[11, 18, 19, 10]
[14, 11, 17, 20] 39
-----------------
[16, 12, 17, 14]
[14, 15, 19, 20]
[13, 18, 10, 13]
[15, 11, 11, 16]
[18, 15, 16, 19]
[10, 12, 10, 19]
[12, 12, 20, 13]
[14, 11, 11, 16]
[20, 20, 12, 16]
[13, 14, 15, 15]
[19, 15, 17, 18] 39
-----------------
[13, 16, 15, 15]
[19, 14, 10, 14]
[18, 14, 12, 18]
[14, 15, 16, 12]
[19, 16, 16, 15]
[19, 11, 20, 10]
[20, 16, 10, 17]
[13, 20, 10, 18]
[18, 18, 13, 20]
[18, 10, 17, 10]
[20, 11, 11, 20] 41
-----------------
[14, 13, 18, 14]
[15, 19, 17, 20]
[12, 13, 17, 13]
[12, 20, 10, 18]
[10, 15, 19, 16]
[11, 15, 16, 15]
[17, 16, 10, 15]
[15, 20, 17, 15]
[12, 11, 17, 18]
[15, 14, 10, 15]
[11, 14, 13, 20] 47
-----------------
[11, 10, 14, 17]
[14, 13, 11, 17]
[17, 15, 13, 12]
[19, 15, 16, 20]
[19, 11, 13, 15]
[13, 17, 14, 12]
[15, 10, 19, 11]
[16, 16, 15, 17]
[16, 18, 14, 17]
[17, 14, 19, 12]
[10, 19, 19, 10] 45
-----------------
[13, 16, 15, 15]
[13, 13, 14, 11]
[17, 20, 14, 16]
[12, 14, 17, 13]
[10, 16, 10, 16]
[13, 18, 19, 16]
[10, 12, 14, 19]
[12, 12, 14, 16]
[10, 20, 20, 14]
[11, 18, 19, 10]
[14, 11, 17, 20] 37
-----------------
[16, 12, 17, 14]
[14, 15, 19, 20]
[13, 18, 10, 13]
[15, 11, 11, 16]
[11, 19, 17, 15]
[15, 19, 18, 19]
[13, 11, 12, 10]
[14, 16, 11, 19]
[11, 13, 12, 19]
[13, 19, 12, 18]
[16, 18, 12, 14] 41
-----------------
[10, 19, 13, 17]
[20, 10, 16, 20]
[12, 18, 17, 11]
[14, 17, 13, 18]
[13, 20, 10, 13]
[10, 12, 16, 11]
[13, 18, 14, 13]
[12, 14, 12, 10]
[13, 15, 15, 13]
[19, 12, 13, 10]
[19, 14, 14, 11] 36
-----------------
[0, 10, 80, 18]
[156, 12, 128, 26]
[79, 50, 143, 82]
[15, 77, 14, 30]
[13, 6, 83, 79]
[25, 11, 78, 140]
[146, 52, 24, 82]
[42, 10, 140, 44]
[15, 10, 20, 67]
[10, 30, 6, 173]
[21, 166, 78, 20] 43
-----------------
Поколение 6: 
[16, 12, 17, 14]
[14, 15, 19, 20]
[13, 18, 10, 13]
[15, 11, 11, 16]
[18, 15, 16, 19]
[10, 12, 10, 19]
[12, 12, 20, 13]
[14, 11, 11, 16]
[20, 20, 12, 16]
[13, 14, 15, 15]
[19, 15, 17, 18] 39
-----------------
[14, 13, 18, 14]
[15, 19, 17, 20]
[12, 13, 17, 13]
[12, 14, 17, 13]
[10, 16, 10, 16]
[13, 18, 19, 16]
[10, 12, 14, 19]
[12, 12, 14, 16]
[10, 20, 20, 14]
[11, 18, 19, 10]
[14, 11, 17, 20] 39
-----------------
[14, 13, 18, 14]
[15, 19, 17, 20]
[12, 13, 17, 13]
[12, 14, 17, 13]
[10, 16, 10, 16]
[13, 18, 19, 16]
[10, 12, 14, 19]
[12, 12, 14, 16]
[10, 20, 20, 14]
[11, 18, 19, 10]
[14, 11, 17, 20] 39
-----------------
[10, 19, 13, 17]
[20, 10, 16, 20]
[12, 18, 17, 11]
[14, 17, 13, 18]
[13, 20, 10, 13]
[10, 12, 10, 19]
[12, 12, 20, 13]
[14, 11, 11, 16]
[20, 20, 12, 16]
[13, 14, 15, 15]
[19, 15, 17, 18] 37
-----------------
[13, 16, 15, 15]
[19, 14, 10, 14]
[18, 14, 12, 18]
[14, 15, 16, 12]
[19, 16, 16, 15]
[19, 11, 20, 10]
[20, 16, 10, 17]
[13, 20, 10, 18]
[18, 18, 13, 20]
[18, 10, 17, 10]
[20, 11, 11, 20] 41
-----------------
[14, 13, 18, 14]
[15, 19, 17, 20]
[12, 13, 17, 13]
[12, 20, 10, 18]
[10, 15, 19, 16]
[11, 15, 16, 15]
[17, 16, 10, 15]
[15, 20, 17, 15]
[12, 11, 17, 18]
[15, 14, 10, 15]
[11, 14, 13, 20] 47
-----------------
[11, 10, 14, 17]
[14, 13, 11, 17]
[17, 15, 13, 12]
[19, 15, 16, 20]
[19, 11, 13, 15]
[13, 17, 14, 12]
[15, 10, 19, 11]
[16, 16, 15, 17]
[16, 18, 14, 17]
[17, 14, 19, 12]
[10, 19, 19, 10] 45
-----------------
[13, 16, 15, 15]
[13, 13, 14, 11]
[17, 20, 14, 16]
[12, 14, 17, 13]
[10, 16, 10, 16]
[13, 18, 19, 16]
[10, 12, 14, 19]
[12, 12, 14, 16]
[10, 20, 20, 14]
[11, 18, 19, 10]
[14, 11, 17, 20] 37
-----------------
[10, 19, 13, 17]
[20, 10, 16, 20]
[12, 18, 17, 11]
[14, 17, 13, 18]
[13, 20, 10, 13]
[10, 12, 16, 11]
[13, 18, 14, 13]
[12, 14, 12, 10]
[13, 15, 15, 13]
[19, 12, 13, 10]
[19, 14, 14, 11] 36
-----------------
[10, 19, 13, 17]
[20, 10, 16, 20]
[12, 18, 17, 11]
[14, 17, 13, 18]
[13, 20, 10, 13]
[10, 12, 16, 11]
[13, 18, 14, 13]
[12, 14, 12, 10]
[13, 15, 15, 13]
[19, 12, 13, 10]
[19, 14, 14, 11] 36
-----------------
[0, 10, 80, 18]
[156, 12, 128, 26]
[79, 50, 143, 82]
[15, 77, 14, 30]
[13, 6, 83, 79]
[25, 11, 78, 140]
[146, 52, 24, 82]
[42, 10, 140, 44]
[15, 10, 20, 67]
[10, 30, 6, 173]
[21, 166, 78, 20] 43
-----------------
Поколение 7: 
[16, 12, 17, 14]
[14, 15, 19, 20]
[13, 18, 10, 13]
[15, 11, 11, 16]
[18, 15, 16, 19]
[10, 12, 10, 19]
[12, 12, 20, 13]
[14, 11, 11, 16]
[20, 20, 12, 16]
[13, 14, 15, 15]
[19, 15, 17, 18] 39
-----------------
[14, 13, 18, 14]
[15, 19, 17, 20]
[12, 13, 17, 13]
[12, 14, 17, 13]
[10, 16, 10, 16]
[13, 18, 19, 16]
[10, 12, 14, 19]
[12, 12, 14, 16]
[10, 20, 20, 14]
[11, 18, 19, 10]
[14, 11, 17, 20] 39
-----------------
[14, 13, 18, 14]
[15, 19, 17, 20]
[12, 13, 17, 13]
[12, 14, 17, 13]
[10, 16, 10, 16]
[13, 18, 19, 16]
[10, 12, 14, 19]
[12, 12, 14, 16]
[10, 20, 20, 14]
[11, 18, 19, 10]
[14, 11, 17, 20] 39
-----------------
[10, 19, 13, 17]
[20, 10, 16, 20]
[12, 18, 17, 11]
[14, 17, 13, 18]
[13, 20, 10, 13]
[10, 12, 10, 19]
[12, 12, 20, 13]
[14, 11, 11, 16]
[20, 20, 12, 16]
[13, 14, 15, 15]
[19, 15, 17, 18] 37
-----------------
[13, 16, 15, 15]
[19, 14, 10, 14]
[18, 14, 12, 18]
[14, 15, 16, 12]
[19, 16, 16, 15]
[19, 11, 20, 10]
[20, 16, 10, 17]
[13, 20, 10, 18]
[18, 18, 13, 20]
[18, 10, 17, 10]
[20, 11, 11, 20] 41
-----------------
[14, 13, 18, 14]
[15, 19, 17, 20]
[12, 13, 17, 13]
[12, 20, 10, 18]
[10, 15, 19, 16]
[11, 15, 16, 15]
[17, 16, 10, 15]
[15, 20, 17, 15]
[12, 11, 17, 18]
[15, 14, 10, 15]
[11, 14, 13, 20] 47
-----------------
[11, 10, 14, 17]
[14, 13, 11, 17]
[17, 15, 13, 12]
[19, 15, 16, 20]
[19, 11, 13, 15]
[13, 17, 14, 12]
[15, 10, 19, 11]
[16, 16, 15, 17]
[16, 18, 14, 17]
[17, 14, 19, 12]
[10, 19, 19, 10] 45
-----------------
[13, 16, 15, 15]
[13, 13, 14, 11]
[17, 20, 14, 16]
[12, 14, 17, 13]
[10, 16, 10, 16]
[13, 18, 19, 16]
[10, 12, 14, 19]
[12, 12, 14, 16]
[10, 20, 20, 14]
[11, 18, 19, 10]
[14, 11, 17, 20] 37
-----------------
[10, 19, 13, 17]
[20, 10, 16, 20]
[12, 18, 17, 11]
[14, 17, 13, 18]
[13, 20, 10, 13]
[10, 12, 16, 11]
[13, 18, 14, 13]
[12, 14, 12, 10]
[13, 15, 15, 13]
[19, 12, 13, 10]
[19, 14, 14, 11] 36
-----------------
[10, 19, 13, 17]
[20, 10, 16, 20]
[12, 18, 17, 11]
[14, 17, 13, 18]
[13, 20, 10, 13]
[10, 12, 16, 11]
[13, 18, 14, 13]
[12, 14, 12, 10]
[13, 15, 15, 13]
[19, 12, 13, 10]
[19, 14, 14, 11] 36
-----------------
[0, 10, 80, 18]
[156, 12, 128, 26]
[79, 50, 143, 82]
[15, 77, 14, 30]
[13, 6, 83, 79]
[25, 11, 78, 140]
[146, 52, 24, 82]
[42, 10, 140, 44]
[15, 10, 20, 67]
[10, 30, 6, 173]
[21, 166, 78, 20] 43
-----------------
Поколение 8: 
[16, 12, 17, 14]
[14, 15, 19, 20]
[13, 18, 10, 13]
[15, 11, 11, 16]
[18, 15, 16, 19]
[10, 12, 10, 19]
[12, 12, 20, 13]
[14, 11, 11, 16]
[20, 20, 12, 16]
[13, 14, 15, 15]
[19, 15, 17, 18] 39
-----------------
[14, 13, 18, 14]
[15, 19, 17, 20]
[12, 13, 17, 13]
[12, 14, 17, 13]
[10, 16, 10, 16]
[13, 18, 19, 16]
[10, 12, 14, 19]
[12, 12, 14, 16]
[10, 20, 20, 14]
[11, 18, 19, 10]
[14, 11, 17, 20] 39
-----------------
[14, 13, 18, 14]
[15, 19, 17, 20]
[12, 13, 17, 13]
[12, 14, 17, 13]
[10, 16, 10, 16]
[13, 18, 19, 16]
[10, 12, 14, 19]
[12, 12, 14, 16]
[10, 20, 20, 14]
[11, 18, 19, 10]
[14, 11, 17, 20] 39
-----------------
[10, 19, 13, 17]
[20, 10, 16, 20]
[12, 18, 17, 11]
[14, 17, 13, 18]
[13, 20, 10, 13]
[10, 12, 10, 19]
[12, 12, 20, 13]
[14, 11, 11, 16]
[20, 20, 12, 16]
[13, 14, 15, 15]
[19, 15, 17, 18] 37
-----------------
[13, 16, 15, 15]
[19, 14, 10, 14]
[18, 14, 12, 18]
[12, 14, 17, 13]
[10, 16, 10, 16]
[13, 18, 19, 16]
[10, 12, 14, 19]
[12, 12, 14, 16]
[10, 20, 20, 14]
[11, 18, 19, 10]
[14, 11, 17, 20] 39
-----------------
[14, 13, 18, 14]
[15, 19, 17, 20]
[12, 13, 17, 13]
[12, 20, 10, 18]
[10, 15, 19, 16]
[11, 15, 16, 15]
[17, 16, 10, 15]
[15, 20, 17, 15]
[12, 11, 17, 18]
[15, 14, 10, 15]
[11, 14, 13, 20] 47
-----------------
[11, 10, 14, 17]
[14, 13, 11, 17]
[17, 15, 13, 12]
[19, 15, 16, 20]
[19, 11, 13, 15]
[13, 17, 14, 12]
[15, 10, 19, 11]
[16, 16, 15, 17]
[16, 18, 14, 17]
[17, 14, 19, 12]
[10, 19, 19, 10] 45
-----------------
[13, 16, 15, 15]
[13, 13, 14, 11]
[17, 20, 14, 16]
[12, 14, 17, 13]
[10, 16, 10, 16]
[13, 18, 19, 16]
[10, 12, 14, 19]
[12, 12, 14, 16]
[10, 20, 20, 14]
[11, 18, 19, 10]
[14, 11, 17, 20] 37
-----------------
[10, 19, 13, 17]
[20, 10, 16, 20]
[12, 18, 17, 11]
[14, 17, 13, 18]
[13, 20, 10, 13]
[10, 12, 16, 11]
[13, 18, 14, 13]
[12, 14, 12, 10]
[13, 15, 15, 13]
[19, 12, 13, 10]
[19, 14, 14, 11] 36
-----------------
[10, 19, 13, 17]
[20, 10, 16, 20]
[12, 18, 17, 11]
[14, 17, 13, 18]
[13, 20, 10, 13]
[10, 12, 16, 11]
[13, 18, 14, 13]
[12, 14, 12, 10]
[13, 15, 15, 13]
[19, 12, 13, 10]
[19, 14, 14, 11] 36
-----------------
[0, 10, 80, 18]
[156, 12, 128, 26]
[79, 50, 143, 82]
[15, 77, 14, 30]
[13, 6, 83, 79]
[25, 11, 78, 140]
[146, 52, 24, 82]
[42, 10, 140, 44]
[15, 10, 20, 67]
[10, 30, 6, 173]
[21, 166, 78, 20] 43
-----------------
Поколение 9: 
[16, 12, 17, 14]
[14, 15, 19, 20]
[13, 18, 10, 13]
[15, 11, 11, 16]
[18, 15, 16, 19]
[10, 12, 10, 19]
[12, 12, 20, 13]
[14, 11, 11, 16]
[20, 20, 12, 16]
[13, 14, 15, 15]
[19, 15, 17, 18] 39
-----------------
[14, 13, 18, 14]
[15, 19, 17, 20]
[12, 13, 17, 13]
[12, 14, 17, 13]
[10, 16, 10, 16]
[13, 18, 19, 16]
[10, 12, 14, 19]
[12, 12, 14, 16]
[10, 20, 20, 14]
[11, 18, 19, 10]
[14, 11, 17, 20] 39
-----------------
[14, 13, 18, 14]
[15, 19, 17, 20]
[12, 13, 17, 13]
[12, 14, 17, 13]
[10, 16, 10, 16]
[13, 18, 19, 16]
[10, 12, 14, 19]
[12, 12, 14, 16]
[10, 20, 20, 14]
[11, 18, 19, 10]
[14, 11, 17, 20] 39
-----------------
[10, 19, 13, 17]
[20, 10, 16, 20]
[12, 18, 17, 11]
[14, 17, 13, 18]
[13, 20, 10, 13]
[10, 12, 10, 19]
[12, 12, 20, 13]
[14, 11, 11, 16]
[20, 20, 12, 16]
[13, 14, 15, 15]
[19, 15, 17, 18] 37
-----------------
[13, 16, 15, 15]
[19, 14, 10, 14]
[18, 14, 12, 18]
[12, 14, 17, 13]
[10, 16, 10, 16]
[13, 18, 19, 16]
[10, 12, 14, 19]
[12, 12, 14, 16]
[10, 20, 20, 14]
[11, 18, 19, 10]
[14, 11, 17, 20] 39
-----------------
[14, 13, 18, 14]
[15, 19, 17, 20]
[12, 13, 17, 13]
[12, 20, 10, 18]
[10, 15, 19, 16]
[11, 15, 16, 15]
[17, 16, 10, 15]
[15, 20, 17, 15]
[12, 11, 17, 18]
[15, 14, 10, 15]
[11, 14, 13, 20] 47
-----------------
[11, 10, 14, 17]
[14, 13, 11, 17]
[17, 15, 13, 12]
[19, 15, 16, 20]
[19, 11, 13, 15]
[13, 17, 14, 12]
[15, 10, 19, 11]
[16, 16, 15, 17]
[16, 18, 14, 17]
[17, 14, 19, 12]
[10, 19, 19, 10] 45
-----------------
[13, 16, 15, 15]
[13, 13, 14, 11]
[17, 20, 14, 16]
[12, 14, 17, 13]
[10, 16, 10, 16]
[13, 18, 19, 16]
[10, 12, 14, 19]
[12, 12, 14, 16]
[10, 20, 20, 14]
[11, 18, 19, 10]
[14, 11, 17, 20] 37
-----------------
[10, 19, 13, 17]
[20, 10, 16, 20]
[12, 18, 17, 11]
[14, 17, 13, 18]
[13, 20, 10, 13]
[10, 12, 16, 11]
[13, 18, 14, 13]
[12, 14, 12, 10]
[13, 15, 15, 13]
[19, 12, 13, 10]
[19, 14, 14, 11] 36
-----------------
[10, 19, 13, 17]
[20, 10, 16, 20]
[12, 18, 17, 11]
[14, 17, 13, 18]
[13, 20, 10, 13]
[10, 12, 16, 11]
[13, 18, 14, 13]
[12, 14, 12, 10]
[10, 20, 20, 14]
[11, 18, 19, 10]
[14, 11, 17, 20] 34
-----------------
[0, 10, 80, 18]
[156, 12, 128, 26]
[79, 50, 143, 82]
[15, 77, 14, 30]
[13, 6, 83, 79]
[25, 11, 78, 140]
[146, 52, 24, 82]
[42, 10, 140, 44]
[15, 10, 20, 67]
[10, 30, 6, 173]
[21, 166, 78, 20] 43
-----------------
Поколение 10: 
[16, 12, 17, 14]
[14, 15, 19, 20]
[13, 18, 10, 13]
[15, 11, 11, 16]
[18, 15, 16, 19]
[10, 12, 10, 19]
[12, 12, 20, 13]
[14, 11, 11, 16]
[20, 20, 12, 16]
[13, 14, 15, 15]
[19, 15, 17, 18] 39
-----------------
[14, 13, 18, 14]
[15, 19, 17, 20]
[12, 13, 17, 13]
[12, 14, 17, 13]
[10, 16, 10, 16]
[13, 18, 19, 16]
[10, 12, 14, 19]
[12, 12, 14, 16]
[10, 20, 20, 14]
[11, 18, 19, 10]
[14, 11, 17, 20] 39
-----------------
[14, 13, 18, 14]
[15, 19, 17, 20]
[12, 13, 17, 13]
[12, 14, 17, 13]
[10, 16, 10, 16]
[13, 18, 19, 16]
[10, 12, 14, 19]
[12, 12, 14, 16]
[10, 20, 20, 14]
[11, 18, 19, 10]
[14, 11, 17, 20] 39
-----------------
[10, 19, 13, 17]
[20, 10, 16, 20]
[12, 18, 17, 11]
[14, 17, 13, 18]
[13, 20, 10, 13]
[10, 12, 10, 19]
[12, 12, 20, 13]
[14, 11, 11, 16]
[20, 20, 12, 16]
[13, 14, 15, 15]
[19, 15, 17, 18] 37
-----------------
[13, 16, 15, 15]
[19, 14, 10, 14]
[18, 14, 12, 18]
[12, 14, 17, 13]
[10, 16, 10, 16]
[13, 18, 19, 16]
[10, 12, 14, 19]
[12, 12, 14, 16]
[10, 20, 20, 14]
[11, 18, 19, 10]
[14, 11, 17, 20] 39
-----------------
[14, 13, 18, 14]
[15, 19, 17, 20]
[12, 13, 17, 13]
[12, 20, 10, 18]
[10, 15, 19, 16]
[11, 15, 16, 15]
[17, 16, 10, 15]
[15, 20, 17, 15]
[12, 11, 17, 18]
[15, 14, 10, 15]
[11, 14, 13, 20] 47
-----------------
[11, 10, 14, 17]
[14, 13, 11, 17]
[17, 15, 13, 12]
[19, 15, 16, 20]
[19, 11, 13, 15]
[13, 17, 14, 12]
[15, 10, 19, 11]
[16, 16, 15, 17]
[16, 18, 14, 17]
[17, 14, 19, 12]
[10, 19, 19, 10] 45
-----------------
[13, 16, 15, 15]
[13, 13, 14, 11]
[17, 20, 14, 16]
[12, 14, 17, 13]
[10, 16, 10, 16]
[13, 18, 19, 16]
[10, 12, 14, 19]
[12, 12, 14, 16]
[10, 20, 20, 14]
[11, 18, 19, 10]
[14, 11, 17, 20] 37
-----------------
[10, 19, 13, 17]
[20, 10, 16, 20]
[12, 18, 17, 11]
[14, 17, 13, 18]
[13, 20, 10, 13]
[10, 12, 16, 11]
[13, 18, 14, 13]
[12, 14, 12, 10]
[13, 15, 15, 13]
[19, 12, 13, 10]
[19, 14, 14, 11] 36
-----------------
[10, 19, 13, 17]
[20, 10, 16, 20]
[12, 18, 17, 11]
[14, 17, 13, 18]
[13, 20, 10, 13]
[10, 12, 16, 11]
[13, 18, 14, 13]
[12, 14, 12, 10]
[10, 20, 20, 14]
[11, 18, 19, 10]
[14, 11, 17, 20] 34
-----------------
[0, 10, 80, 18]
[156, 12, 128, 26]
[12, 18, 17, 11]
[14, 17, 13, 18]
[13, 20, 10, 13]
[10, 12, 16, 11]
[13, 18, 14, 13]
[12, 14, 12, 10]
[10, 20, 20, 14]
[11, 18, 19, 10]
[14, 11, 17, 20] 35
-----------------
Поколение 11: 
[16, 12, 17, 14]
[14, 15, 19, 20]
[13, 18, 10, 13]
[15, 11, 11, 16]
[18, 15, 16, 19]
[10, 12, 10, 19]
[12, 12, 20, 13]
[14, 11, 11, 16]
[20, 20, 12, 16]
[13, 14, 15, 15]
[19, 15, 17, 18] 39
-----------------
[14, 13, 18, 14]
[15, 19, 17, 20]
[12, 13, 17, 13]
[12, 14, 17, 13]
[10, 16, 10, 16]
[13, 18, 19, 16]
[10, 12, 14, 19]
[12, 12, 14, 16]
[10, 20, 20, 14]
[11, 18, 19, 10]
[14, 11, 17, 20] 39
-----------------
[14, 13, 18, 14]
[15, 19, 17, 20]
[12, 13, 17, 13]
[12, 14, 17, 13]
[10, 16, 10, 16]
[13, 18, 19, 16]
[10, 12, 14, 19]
[12, 12, 14, 16]
[10, 20, 20, 14]
[11, 18, 19, 10]
[14, 11, 17, 20] 39
-----------------
[10, 19, 13, 17]
[20, 10, 16, 20]
[12, 18, 17, 11]
[14, 17, 13, 18]
[13, 20, 10, 13]
[10, 12, 10, 19]
[12, 12, 20, 13]
[14, 11, 11, 16]
[20, 20, 12, 16]
[13, 14, 15, 15]
[19, 15, 17, 18] 37
-----------------
[13, 16, 15, 15]
[19, 14, 10, 14]
[18, 14, 12, 18]
[12, 14, 17, 13]
[10, 16, 10, 16]
[13, 18, 19, 16]
[10, 12, 14, 19]
[12, 12, 14, 16]
[10, 20, 20, 14]
[11, 18, 19, 10]
[14, 11, 17, 20] 39
-----------------
[0, 10, 80, 18]
[156, 12, 128, 26]
[79, 50, 143, 82]
[15, 77, 14, 30]
[13, 6, 83, 79]
[25, 11, 78, 140]
[146, 52, 24, 82]
[42, 10, 140, 44]
[15, 10, 20, 67]
[10, 30, 6, 173]
[21, 166, 78, 20] 44
-----------------
[11, 10, 14, 17]
[14, 13, 11, 17]
[17, 15, 13, 12]
[19, 15, 16, 20]
[19, 11, 13, 15]
[13, 17, 14, 12]
[15, 10, 19, 11]
[16, 16, 15, 17]
[16, 18, 14, 17]
[17, 14, 19, 12]
[10, 19, 19, 10] 45
-----------------
[13, 16, 15, 15]
[13, 13, 14, 11]
[17, 20, 14, 16]
[12, 14, 17, 13]
[10, 16, 10, 16]
[13, 18, 19, 16]
[10, 12, 14, 19]
[12, 12, 14, 16]
[10, 20, 20, 14]
[11, 18, 19, 10]
[14, 11, 17, 20] 37
-----------------
[10, 19, 13, 17]
[20, 10, 16, 20]
[12, 18, 17, 11]
[14, 17, 13, 18]
[13, 20, 10, 13]
[10, 12, 16, 11]
[13, 18, 14, 13]
[12, 14, 12, 10]
[13, 15, 15, 13]
[19, 12, 13, 10]
[19, 14, 14, 11] 36
-----------------
[10, 19, 13, 17]
[20, 10, 16, 20]
[12, 18, 17, 11]
[14, 17, 13, 18]
[13, 20, 10, 13]
[10, 12, 16, 11]
[13, 18, 14, 13]
[12, 14, 12, 10]
[10, 20, 20, 14]
[11, 18, 19, 10]
[14, 11, 17, 20] 34
-----------------
[0, 10, 80, 18]
[156, 12, 128, 26]
[12, 18, 17, 11]
[14, 17, 13, 18]
[13, 20, 10, 13]
[10, 12, 16, 11]
[13, 18, 14, 13]
[12, 14, 12, 10]
[10, 20, 20, 14]
[11, 18, 19, 10]
[14, 11, 17, 20] 35
-----------------
Поколение 12: 
[16, 12, 17, 14]
[14, 15, 19, 20]
[13, 18, 10, 13]
[15, 11, 11, 16]
[18, 15, 16, 19]
[10, 12, 10, 19]
[12, 12, 20, 13]
[14, 11, 11, 16]
[20, 20, 12, 16]
[13, 14, 15, 15]
[19, 15, 17, 18] 39
-----------------
[14, 13, 18, 14]
[15, 19, 17, 20]
[12, 13, 17, 13]
[12, 14, 17, 13]
[10, 16, 10, 16]
[13, 18, 19, 16]
[10, 12, 14, 19]
[12, 12, 14, 16]
[10, 20, 20, 14]
[11, 18, 19, 10]
[14, 11, 17, 20] 39
-----------------
[10, 19, 13, 17]
[20, 10, 16, 20]
[12, 18, 17, 11]
[14, 17, 13, 18]
[13, 20, 10, 13]
[10, 12, 16, 11]
[13, 18, 14, 13]
[12, 14, 12, 10]
[10, 20, 20, 14]
[11, 18, 19, 10]
[14, 11, 17, 20] 34
-----------------
[10, 19, 13, 17]
[20, 10, 16, 20]
[12, 18, 17, 11]
[14, 17, 13, 18]
[13, 20, 10, 13]
[10, 12, 10, 19]
[12, 12, 20, 13]
[14, 11, 11, 16]
[20, 20, 12, 16]
[13, 14, 15, 15]
[19, 15, 17, 18] 37
-----------------
[13, 16, 15, 15]
[19, 14, 10, 14]
[18, 14, 12, 18]
[12, 14, 17, 13]
[10, 16, 10, 16]
[13, 18, 19, 16]
[10, 12, 14, 19]
[12, 12, 14, 16]
[10, 20, 20, 14]
[11, 18, 19, 10]
[14, 11, 17, 20] 39
-----------------
[14, 13, 18, 14]
[156, 12, 128, 26]
[79, 50, 143, 82]
[15, 77, 14, 30]
[13, 6, 83, 79]
[25, 11, 78, 140]
[146, 52, 24, 82]
[42, 10, 140, 44]
[15, 10, 20, 67]
[10, 30, 6, 173]
[21, 166, 78, 20] 38
-----------------
[11, 10, 14, 17]
[14, 13, 11, 17]
[17, 15, 13, 12]
[19, 15, 16, 20]
[19, 11, 13, 15]
[13, 17, 14, 12]
[15, 10, 19, 11]
[16, 16, 15, 17]
[16, 18, 14, 17]
[17, 14, 19, 12]
[10, 19, 19, 10] 45
-----------------
[13, 16, 15, 15]
[13, 13, 14, 11]
[17, 20, 14, 16]
[12, 14, 17, 13]
[10, 16, 10, 16]
[13, 18, 19, 16]
[10, 12, 14, 19]
[12, 12, 14, 16]
[10, 20, 20, 14]
[11, 18, 19, 10]
[14, 11, 17, 20] 37
-----------------
[10, 19, 13, 17]
[20, 10, 16, 20]
[12, 18, 17, 11]
[14, 17, 13, 18]
[13, 20, 10, 13]
[10, 12, 16, 11]
[13, 18, 14, 13]
[12, 14, 12, 10]
[13, 15, 15, 13]
[19, 12, 13, 10]
[19, 14, 14, 11] 36
-----------------
[10, 19, 13, 17]
[20, 10, 16, 20]
[12, 18, 17, 11]
[14, 17, 13, 18]
[13, 20, 10, 13]
[10, 12, 16, 11]
[13, 18, 14, 13]
[12, 14, 12, 10]
[10, 20, 20, 14]
[11, 18, 19, 10]
[14, 11, 17, 20] 34
-----------------
[0, 10, 80, 18]
[156, 12, 128, 26]
[12, 18, 17, 11]
[14, 17, 13, 18]
[13, 20, 10, 13]
[10, 12, 16, 11]
[13, 18, 14, 13]
[12, 14, 12, 10]
[10, 20, 20, 14]
[11, 18, 19, 10]
[14, 11, 17, 20] 35
-----------------
Поколение 13: 
[16, 12, 17, 14]
[14, 15, 19, 20]
[13, 18, 10, 13]
[15, 11, 11, 16]
[18, 15, 16, 19]
[10, 12, 10, 19]
[12, 12, 20, 13]
[14, 11, 11, 16]
[20, 20, 12, 16]
[13, 14, 15, 15]
[19, 15, 17, 18] 39
-----------------
[14, 13, 18, 14]
[15, 19, 17, 20]
[12, 13, 17, 13]
[12, 14, 17, 13]
[10, 16, 10, 16]
[13, 18, 19, 16]
[10, 12, 14, 19]
[12, 12, 14, 16]
[10, 20, 20, 14]
[11, 18, 19, 10]
[14, 11, 17, 20] 39
-----------------
[10, 19, 13, 17]
[20, 10, 16, 20]
[12, 18, 17, 11]
[14, 17, 13, 18]
[13, 20, 10, 13]
[10, 12, 16, 11]
[13, 18, 14, 13]
[12, 14, 12, 10]
[10, 20, 20, 14]
[11, 18, 19, 10]
[14, 11, 17, 20] 34
-----------------
[10, 19, 13, 17]
[20, 10, 16, 20]
[12, 18, 17, 11]
[14, 17, 13, 18]
[13, 20, 10, 13]
[10, 12, 10, 19]
[12, 12, 20, 13]
[14, 11, 11, 16]
[20, 20, 12, 16]
[13, 14, 15, 15]
[19, 15, 17, 18] 37
-----------------
[13, 16, 15, 15]
[19, 14, 10, 14]
[18, 14, 12, 18]
[12, 14, 17, 13]
[10, 16, 10, 16]
[13, 18, 19, 16]
[10, 12, 14, 19]
[12, 12, 14, 16]
[10, 20, 20, 14]
[11, 18, 19, 10]
[14, 11, 17, 20] 39
-----------------
[14, 13, 18, 14]
[156, 12, 128, 26]
[79, 50, 143, 82]
[15, 77, 14, 30]
[13, 6, 83, 79]
[25, 11, 78, 140]
[146, 52, 24, 82]
[42, 10, 140, 44]
[15, 10, 20, 67]
[10, 30, 6, 173]
[21, 166, 78, 20] 38
-----------------
[11, 10, 14, 17]
[14, 13, 11, 17]
[17, 15, 13, 12]
[19, 15, 16, 20]
[19, 11, 13, 15]
[13, 17, 14, 12]
[15, 10, 19, 11]
[16, 16, 15, 17]
[16, 18, 14, 17]
[17, 14, 19, 12]
[10, 19, 19, 10] 45
-----------------
[13, 16, 15, 15]
[13, 13, 14, 11]
[17, 20, 14, 16]
[12, 14, 17, 13]
[10, 16, 10, 16]
[13, 18, 19, 16]
[10, 12, 14, 19]
[12, 12, 14, 16]
[10, 20, 20, 14]
[11, 18, 19, 10]
[14, 11, 17, 20] 37
-----------------
[10, 19, 13, 17]
[20, 10, 16, 20]
[12, 18, 17, 11]
[14, 17, 13, 18]
[13, 20, 10, 13]
[10, 12, 16, 11]
[13, 18, 14, 13]
[12, 14, 12, 10]
[13, 15, 15, 13]
[19, 12, 13, 10]
[19, 14, 14, 11] 36
-----------------
[10, 19, 13, 17]
[20, 10, 16, 20]
[12, 18, 17, 11]
[14, 17, 13, 18]
[13, 20, 10, 13]
[10, 12, 16, 11]
[13, 18, 14, 13]
[12, 14, 12, 10]
[10, 20, 20, 14]
[11, 18, 19, 10]
[14, 11, 17, 20] 34
-----------------
[0, 10, 80, 18]
[156, 12, 128, 26]
[12, 18, 17, 11]
[14, 17, 13, 18]
[13, 20, 10, 13]
[10, 12, 16, 11]
[13, 18, 14, 13]
[12, 14, 12, 10]
[10, 20, 20, 14]
[11, 18, 19, 10]
[14, 11, 17, 20] 35
-----------------
Поколение 14: 
[16, 12, 17, 14]
[14, 15, 19, 20]
[13, 18, 10, 13]
[15, 11, 11, 16]
[18, 15, 16, 19]
[10, 12, 10, 19]
[12, 12, 20, 13]
[14, 11, 11, 16]
[20, 20, 12, 16]
[13, 14, 15, 15]
[19, 15, 17, 18] 39
-----------------
[14, 13, 18, 14]
[15, 19, 17, 20]
[12, 13, 17, 13]
[12, 14, 17, 13]
[10, 16, 10, 16]
[13, 18, 19, 16]
[10, 12, 14, 19]
[12, 12, 14, 16]
[10, 20, 20, 14]
[11, 18, 19, 10]
[14, 11, 17, 20] 39
-----------------
[10, 19, 13, 17]
[20, 10, 16, 20]
[12, 18, 17, 11]
[14, 17, 13, 18]
[13, 20, 10, 13]
[10, 12, 16, 11]
[13, 18, 14, 13]
[12, 14, 12, 10]
[10, 20, 20, 14]
[11, 18, 19, 10]
[14, 11, 17, 20] 34
-----------------
[10, 19, 13, 17]
[20, 10, 16, 20]
[12, 18, 17, 11]
[14, 17, 13, 18]
[13, 20, 10, 13]
[10, 12, 10, 19]
[12, 12, 20, 13]
[14, 11, 11, 16]
[20, 20, 12, 16]
[13, 14, 15, 15]
[19, 15, 17, 18] 37
-----------------
[13, 16, 15, 15]
[19, 14, 10, 14]
[18, 14, 12, 18]
[12, 14, 17, 13]
[10, 16, 10, 16]
[13, 18, 19, 16]
[10, 12, 14, 19]
[12, 12, 14, 16]
[10, 20, 20, 14]
[11, 18, 19, 10]
[14, 11, 17, 20] 39
-----------------
[14, 13, 18, 14]
[156, 12, 128, 26]
[79, 50, 143, 82]
[15, 77, 14, 30]
[13, 6, 83, 79]
[25, 11, 78, 140]
[146, 52, 24, 82]
[42, 10, 140, 44]
[15, 10, 20, 67]
[10, 30, 6, 173]
[21, 166, 78, 20] 38
-----------------
[11, 10, 14, 17]
[14, 13, 11, 17]
[17, 15, 13, 12]
[19, 15, 16, 20]
[19, 11, 13, 15]
[13, 17, 14, 12]
[15, 10, 19, 11]
[16, 16, 15, 17]
[16, 18, 14, 17]
[17, 14, 19, 12]
[10, 19, 19, 10] 45
-----------------
[13, 16, 15, 15]
[13, 13, 14, 11]
[17, 20, 14, 16]
[12, 14, 17, 13]
[10, 16, 10, 16]
[13, 18, 19, 16]
[10, 12, 14, 19]
[12, 12, 14, 16]
[10, 20, 20, 14]
[11, 18, 19, 10]
[14, 11, 17, 20] 37
-----------------
[10, 19, 13, 17]
[20, 10, 16, 20]
[12, 18, 17, 11]
[14, 17, 13, 18]
[13, 20, 10, 13]
[10, 12, 16, 11]
[13, 18, 14, 13]
[12, 14, 12, 10]
[13, 15, 15, 13]
[19, 12, 13, 10]
[19, 14, 14, 11] 36
-----------------
[10, 19, 13, 17]
[20, 10, 16, 20]
[12, 18, 17, 11]
[14, 17, 13, 18]
[13, 20, 10, 13]
[10, 12, 16, 11]
[13, 18, 14, 13]
[12, 14, 12, 10]
[10, 20, 20, 14]
[11, 18, 19, 10]
[14, 11, 17, 20] 34
-----------------
[0, 10, 80, 18]
[156, 12, 128, 26]
[12, 18, 17, 11]
[14, 17, 13, 18]
[13, 20, 10, 13]
[10, 12, 16, 11]
[13, 18, 14, 13]
[12, 14, 12, 10]
[10, 20, 20, 14]
[11, 18, 19, 10]
[14, 11, 17, 20] 35
-----------------
Поколение 15: 
[16, 12, 17, 14]
[14, 15, 19, 20]
[13, 18, 10, 13]
[15, 11, 11, 16]
[18, 15, 16, 19]
[10, 12, 10, 19]
[12, 12, 20, 13]
[14, 11, 11, 16]
[20, 20, 12, 16]
[13, 14, 15, 15]
[19, 15, 17, 18] 39
-----------------
[14, 13, 18, 14]
[15, 19, 17, 20]
[12, 13, 17, 13]
[12, 14, 17, 13]
[10, 16, 10, 16]
[13, 18, 19, 16]
[10, 12, 14, 19]
[12, 12, 14, 16]
[10, 20, 20, 14]
[11, 18, 19, 10]
[14, 11, 17, 20] 39
-----------------
[10, 19, 13, 17]
[20, 10, 16, 20]
[12, 18, 17, 11]
[14, 17, 13, 18]
[13, 20, 10, 13]
[10, 12, 16, 11]
[13, 18, 14, 13]
[12, 14, 12, 10]
[10, 20, 20, 14]
[11, 18, 19, 10]
[14, 11, 17, 20] 34
-----------------
[10, 19, 13, 17]
[20, 10, 16, 20]
[12, 18, 17, 11]
[14, 17, 13, 18]
[13, 20, 10, 13]
[10, 12, 10, 19]
[12, 12, 20, 13]
[14, 11, 11, 16]
[20, 20, 12, 16]
[13, 14, 15, 15]
[19, 15, 17, 18] 37
-----------------
[13, 16, 15, 15]
[19, 14, 10, 14]
[18, 14, 12, 18]
[12, 14, 17, 13]
[10, 16, 10, 16]
[13, 18, 19, 16]
[10, 12, 14, 19]
[12, 12, 14, 16]
[10, 20, 20, 14]
[11, 18, 19, 10]
[14, 11, 17, 20] 39
-----------------
[14, 13, 18, 14]
[156, 12, 128, 26]
[79, 50, 143, 82]
[15, 77, 14, 30]
[13, 6, 83, 79]
[25, 11, 78, 140]
[146, 52, 24, 82]
[42, 10, 140, 44]
[15, 10, 20, 67]
[10, 30, 6, 173]
[21, 166, 78, 20] 38
-----------------
[11, 10, 14, 17]
[14, 13, 11, 17]
[17, 15, 13, 12]
[19, 15, 16, 20]
[19, 11, 13, 15]
[13, 17, 14, 12]
[15, 10, 19, 11]
[16, 16, 15, 17]
[16, 18, 14, 17]
[17, 14, 19, 12]
[10, 19, 19, 10] 45
-----------------
[13, 16, 15, 15]
[13, 13, 14, 11]
[17, 20, 14, 16]
[12, 14, 17, 13]
[10, 16, 10, 16]
[13, 18, 19, 16]
[10, 12, 14, 19]
[12, 12, 14, 16]
[10, 20, 20, 14]
[11, 18, 19, 10]
[14, 11, 17, 20] 37
-----------------
[10, 19, 13, 17]
[20, 10, 16, 20]
[12, 18, 17, 11]
[14, 17, 13, 18]
[13, 20, 10, 13]
[10, 12, 16, 11]
[13, 18, 14, 13]
[12, 14, 12, 10]
[13, 15, 15, 13]
[19, 12, 13, 10]
[19, 14, 14, 11] 36
-----------------
[10, 19, 13, 17]
[20, 10, 16, 20]
[12, 18, 17, 11]
[14, 17, 13, 18]
[13, 20, 10, 13]
[10, 12, 16, 11]
[13, 18, 14, 13]
[12, 14, 12, 10]
[10, 20, 20, 14]
[11, 18, 19, 10]
[14, 11, 17, 20] 34
-----------------
[0, 10, 80, 18]
[156, 12, 128, 26]
[12, 18, 17, 11]
[14, 17, 13, 18]
[13, 20, 10, 13]
[10, 12, 16, 11]
[13, 18, 14, 13]
[12, 14, 12, 10]
[10, 20, 20, 14]
[11, 18, 19, 10]
[14, 11, 17, 20] 35
-----------------
Поколение 16: 
[16, 12, 17, 14]
[14, 15, 19, 20]
[13, 18, 10, 13]
[15, 11, 11, 16]
[18, 15, 16, 19]
[10, 12, 10, 19]
[12, 12, 20, 13]
[14, 11, 11, 16]
[20, 20, 12, 16]
[13, 14, 15, 15]
[19, 15, 17, 18] 39
-----------------
[14, 13, 18, 14]
[15, 19, 17, 20]
[12, 13, 17, 13]
[12, 14, 17, 13]
[10, 16, 10, 16]
[13, 18, 19, 16]
[10, 12, 14, 19]
[12, 12, 14, 16]
[10, 20, 20, 14]
[11, 18, 19, 10]
[14, 11, 17, 20] 39
-----------------
[10, 19, 13, 17]
[20, 10, 16, 20]
[12, 18, 17, 11]
[14, 17, 13, 18]
[13, 20, 10, 13]
[10, 12, 16, 11]
[13, 18, 14, 13]
[12, 14, 12, 10]
[10, 20, 20, 14]
[11, 18, 19, 10]
[14, 11, 17, 20] 34
-----------------
[10, 19, 13, 17]
[20, 10, 16, 20]
[12, 18, 17, 11]
[14, 17, 13, 18]
[13, 20, 10, 13]
[10, 12, 10, 19]
[12, 12, 20, 13]
[14, 11, 11, 16]
[20, 20, 12, 16]
[13, 14, 15, 15]
[19, 15, 17, 18] 37
-----------------
[13, 16, 15, 15]
[19, 14, 10, 14]
[18, 14, 12, 18]
[12, 14, 17, 13]
[10, 16, 10, 16]
[13, 18, 19, 16]
[10, 12, 14, 19]
[12, 12, 14, 16]
[10, 20, 20, 14]
[11, 18, 19, 10]
[14, 11, 17, 20] 39
-----------------
[14, 13, 18, 14]
[156, 12, 128, 26]
[79, 50, 143, 82]
[15, 77, 14, 30]
[13, 6, 83, 79]
[25, 11, 78, 140]
[146, 52, 24, 82]
[42, 10, 140, 44]
[15, 10, 20, 67]
[10, 30, 6, 173]
[21, 166, 78, 20] 38
-----------------
[11, 10, 14, 17]
[14, 13, 11, 17]
[17, 15, 13, 12]
[19, 15, 16, 20]
[19, 11, 13, 15]
[13, 17, 14, 12]
[15, 10, 19, 11]
[16, 16, 15, 17]
[16, 18, 14, 17]
[17, 14, 19, 12]
[10, 19, 19, 10] 45
-----------------
[13, 16, 15, 15]
[13, 13, 14, 11]
[17, 20, 14, 16]
[12, 14, 17, 13]
[10, 16, 10, 16]
[13, 18, 19, 16]
[10, 12, 14, 19]
[12, 12, 14, 16]
[10, 20, 20, 14]
[11, 18, 19, 10]
[14, 11, 17, 20] 37
-----------------
[10, 19, 13, 17]
[20, 10, 16, 20]
[12, 18, 17, 11]
[14, 17, 13, 18]
[13, 20, 10, 13]
[10, 12, 16, 11]
[13, 18, 14, 13]
[12, 14, 12, 10]
[13, 15, 15, 13]
[19, 12, 13, 10]
[19, 14, 14, 11] 36
-----------------
[10, 19, 13, 17]
[20, 10, 16, 20]
[12, 18, 17, 11]
[14, 17, 13, 18]
[13, 20, 10, 13]
[10, 12, 16, 11]
[13, 18, 14, 13]
[12, 14, 12, 10]
[10, 20, 20, 14]
[11, 18, 19, 10]
[14, 11, 17, 20] 34
-----------------
[0, 10, 80, 18]
[156, 12, 128, 26]
[12, 18, 17, 11]
[14, 17, 13, 18]
[13, 20, 10, 13]
[10, 12, 16, 11]
[13, 18, 14, 13]
[12, 14, 12, 10]
[10, 20, 20, 14]
[11, 18, 19, 10]
[14, 11, 17, 20] 35
-----------------
Поколение 17: 
[16, 12, 17, 14]
[14, 15, 19, 20]
[13, 18, 10, 13]
[15, 11, 11, 16]
[18, 15, 16, 19]
[10, 12, 10, 19]
[12, 12, 20, 13]
[14, 11, 11, 16]
[20, 20, 12, 16]
[13, 14, 15, 15]
[19, 15, 17, 18] 39
-----------------
[14, 13, 18, 14]
[15, 19, 17, 20]
[12, 13, 17, 13]
[12, 14, 17, 13]
[10, 16, 10, 16]
[13, 18, 19, 16]
[10, 12, 14, 19]
[12, 12, 14, 16]
[10, 20, 20, 14]
[11, 18, 19, 10]
[14, 11, 17, 20] 39
-----------------
[10, 19, 13, 17]
[20, 10, 16, 20]
[12, 18, 17, 11]
[14, 17, 13, 18]
[13, 20, 10, 13]
[10, 12, 16, 11]
[13, 18, 14, 13]
[12, 14, 12, 10]
[10, 20, 20, 14]
[11, 18, 19, 10]
[14, 11, 17, 20] 34
-----------------
[10, 19, 13, 17]
[20, 10, 16, 20]
[12, 18, 17, 11]
[14, 17, 13, 18]
[13, 20, 10, 13]
[10, 12, 10, 19]
[12, 12, 20, 13]
[14, 11, 11, 16]
[20, 20, 12, 16]
[13, 14, 15, 15]
[19, 15, 17, 18] 37
-----------------
[13, 16, 15, 15]
[19, 14, 10, 14]
[18, 14, 12, 18]
[12, 14, 17, 13]
[10, 16, 10, 16]
[13, 18, 19, 16]
[10, 12, 14, 19]
[12, 12, 14, 16]
[10, 20, 20, 14]
[11, 18, 19, 10]
[14, 11, 17, 20] 39
-----------------
[14, 13, 18, 14]
[156, 12, 128, 26]
[79, 50, 143, 82]
[15, 77, 14, 30]
[13, 6, 83, 79]
[25, 11, 78, 140]
[146, 52, 24, 82]
[42, 10, 140, 44]
[15, 10, 20, 67]
[10, 30, 6, 173]
[21, 166, 78, 20] 38
-----------------
[11, 10, 14, 17]
[14, 13, 11, 17]
[17, 15, 13, 12]
[19, 15, 16, 20]
[19, 11, 13, 15]
[13, 17, 14, 12]
[15, 10, 19, 11]
[16, 16, 15, 17]
[16, 18, 14, 17]
[17, 14, 19, 12]
[10, 19, 19, 10] 45
-----------------
[13, 16, 15, 15]
[13, 13, 14, 11]
[17, 20, 14, 16]
[12, 14, 17, 13]
[10, 16, 10, 16]
[13, 18, 19, 16]
[10, 12, 14, 19]
[12, 12, 14, 16]
[10, 20, 20, 14]
[11, 18, 19, 10]
[14, 11, 17, 20] 37
-----------------
[10, 19, 13, 17]
[20, 10, 16, 20]
[12, 18, 17, 11]
[14, 17, 13, 18]
[13, 20, 10, 13]
[10, 12, 16, 11]
[13, 18, 14, 13]
[12, 14, 12, 10]
[13, 15, 15, 13]
[19, 12, 13, 10]
[19, 14, 14, 11] 36
-----------------
[10, 19, 13, 17]
[20, 10, 16, 20]
[12, 18, 17, 11]
[14, 17, 13, 18]
[13, 20, 10, 13]
[10, 12, 16, 11]
[13, 18, 14, 13]
[12, 14, 12, 10]
[10, 20, 20, 14]
[11, 18, 19, 10]
[14, 11, 17, 20] 34
-----------------
[0, 10, 80, 18]
[156, 12, 128, 26]
[12, 18, 17, 11]
[14, 17, 13, 18]
[13, 20, 10, 13]
[10, 12, 16, 11]
[13, 18, 14, 13]
[12, 14, 12, 10]
[10, 20, 20, 14]
[11, 18, 19, 10]
[14, 11, 17, 20] 35
-----------------
Поколение 18: 
[16, 12, 17, 14]
[14, 15, 19, 20]
[13, 18, 10, 13]
[15, 11, 11, 16]
[18, 15, 16, 19]
[10, 12, 10, 19]
[12, 12, 20, 13]
[14, 11, 11, 16]
[20, 20, 12, 16]
[13, 14, 15, 15]
[19, 15, 17, 18] 39
-----------------
[0, 10, 80, 18]
[156, 12, 128, 26]
[79, 50, 143, 82]
[15, 77, 14, 30]
[13, 6, 83, 79]
[25, 11, 78, 140]
[146, 52, 24, 82]
[42, 10, 140, 44]
[15, 10, 20, 67]
[10, 30, 6, 173]
[21, 166, 78, 20] 38
-----------------
[10, 19, 13, 17]
[20, 10, 16, 20]
[12, 18, 17, 11]
[14, 17, 13, 18]
[13, 20, 10, 13]
[10, 12, 16, 11]
[13, 18, 14, 13]
[12, 14, 12, 10]
[10, 20, 20, 14]
[11, 18, 19, 10]
[14, 11, 17, 20] 34
-----------------
[10, 19, 13, 17]
[20, 10, 16, 20]
[12, 18, 17, 11]
[14, 17, 13, 18]
[13, 20, 10, 13]
[10, 12, 10, 19]
[12, 12, 20, 13]
[14, 11, 11, 16]
[20, 20, 12, 16]
[13, 14, 15, 15]
[19, 15, 17, 18] 37
-----------------
[13, 16, 15, 15]
[19, 14, 10, 14]
[18, 14, 12, 18]
[12, 14, 17, 13]
[10, 16, 10, 16]
[13, 18, 19, 16]
[10, 12, 14, 19]
[12, 12, 14, 16]
[10, 20, 20, 14]
[11, 18, 19, 10]
[14, 11, 17, 20] 39
-----------------
[14, 13, 18, 14]
[156, 12, 128, 26]
[79, 50, 143, 82]
[15, 77, 14, 30]
[13, 6, 83, 79]
[25, 11, 78, 140]
[146, 52, 24, 82]
[42, 10, 140, 44]
[15, 10, 20, 67]
[10, 30, 6, 173]
[21, 166, 78, 20] 38
-----------------
[11, 10, 14, 17]
[14, 13, 11, 17]
[17, 15, 13, 12]
[19, 15, 16, 20]
[19, 11, 13, 15]
[13, 17, 14, 12]
[15, 10, 19, 11]
[16, 16, 15, 17]
[16, 18, 14, 17]
[17, 14, 19, 12]
[10, 19, 19, 10] 45
-----------------
[13, 16, 15, 15]
[13, 13, 14, 11]
[17, 20, 14, 16]
[12, 14, 17, 13]
[10, 16, 10, 16]
[13, 18, 19, 16]
[10, 12, 14, 19]
[12, 12, 14, 16]
[10, 20, 20, 14]
[11, 18, 19, 10]
[14, 11, 17, 20] 37
-----------------
[10, 19, 13, 17]
[20, 10, 16, 20]
[12, 18, 17, 11]
[14, 17, 13, 18]
[13, 20, 10, 13]
[10, 12, 16, 11]
[13, 18, 14, 13]
[12, 14, 12, 10]
[13, 15, 15, 13]
[19, 12, 13, 10]
[19, 14, 14, 11] 36
-----------------
[10, 19, 13, 17]
[20, 10, 16, 20]
[12, 18, 17, 11]
[14, 17, 13, 18]
[13, 20, 10, 13]
[10, 12, 16, 11]
[13, 18, 14, 13]
[12, 14, 12, 10]
[10, 20, 20, 14]
[11, 18, 19, 10]
[14, 11, 17, 20] 34
-----------------
[0, 10, 80, 18]
[156, 12, 128, 26]
[12, 18, 17, 11]
[14, 17, 13, 18]
[13, 20, 10, 13]
[10, 12, 16, 11]
[13, 18, 14, 13]
[12, 14, 12, 10]
[10, 20, 20, 14]
[11, 18, 19, 10]
[14, 11, 17, 20] 35
-----------------
Поколение 19: 
[16, 12, 17, 14]
[14, 15, 19, 20]
[13, 18, 10, 13]
[15, 11, 11, 16]
[18, 15, 16, 19]
[10, 12, 10, 19]
[12, 12, 20, 13]
[14, 11, 11, 16]
[20, 20, 12, 16]
[13, 14, 15, 15]
[19, 15, 17, 18] 39
-----------------
[0, 10, 80, 18]
[156, 12, 128, 26]
[79, 50, 143, 82]
[15, 77, 14, 30]
[13, 6, 83, 79]
[25, 11, 78, 140]
[146, 52, 24, 82]
[42, 10, 140, 44]
[15, 10, 20, 67]
[10, 30, 6, 173]
[21, 166, 78, 20] 38
-----------------
[10, 19, 13, 17]
[20, 10, 16, 20]
[12, 18, 17, 11]
[14, 17, 13, 18]
[13, 20, 10, 13]
[10, 12, 16, 11]
[13, 18, 14, 13]
[12, 14, 12, 10]
[10, 20, 20, 14]
[11, 18, 19, 10]
[14, 11, 17, 20] 34
-----------------
[10, 19, 13, 17]
[20, 10, 16, 20]
[12, 18, 17, 11]
[14, 17, 13, 18]
[13, 20, 10, 13]
[10, 12, 10, 19]
[12, 12, 20, 13]
[14, 11, 11, 16]
[20, 20, 12, 16]
[13, 14, 15, 15]
[19, 15, 17, 18] 37
-----------------
[13, 16, 15, 15]
[19, 14, 10, 14]
[18, 14, 12, 18]
[12, 14, 17, 13]
[10, 16, 10, 16]
[13, 18, 19, 16]
[10, 12, 14, 19]
[12, 12, 14, 16]
[10, 20, 20, 14]
[11, 18, 19, 10]
[14, 11, 17, 20] 39
-----------------
[14, 13, 18, 14]
[156, 12, 128, 26]
[79, 50, 143, 82]
[15, 77, 14, 30]
[13, 6, 83, 79]
[25, 11, 78, 140]
[146, 52, 24, 82]
[42, 10, 140, 44]
[15, 10, 20, 67]
[10, 30, 6, 173]
[21, 166, 78, 20] 38
-----------------
[11, 10, 14, 17]
[14, 13, 11, 17]
[17, 15, 13, 12]
[19, 15, 16, 20]
[19, 11, 13, 15]
[13, 17, 14, 12]
[15, 10, 19, 11]
[16, 16, 15, 17]
[16, 18, 14, 17]
[17, 14, 19, 12]
[10, 19, 19, 10] 45
-----------------
[13, 16, 15, 15]
[13, 13, 14, 11]
[17, 20, 14, 16]
[12, 14, 17, 13]
[10, 16, 10, 16]
[13, 18, 19, 16]
[10, 12, 14, 19]
[12, 12, 14, 16]
[10, 20, 20, 14]
[11, 18, 19, 10]
[14, 11, 17, 20] 37
-----------------
[10, 19, 13, 17]
[20, 10, 16, 20]
[12, 18, 17, 11]
[14, 17, 13, 18]
[13, 20, 10, 13]
[10, 12, 16, 11]
[13, 18, 14, 13]
[12, 14, 12, 10]
[13, 15, 15, 13]
[19, 12, 13, 10]
[19, 14, 14, 11] 36
-----------------
[10, 19, 13, 17]
[20, 10, 16, 20]
[12, 18, 17, 11]
[14, 17, 13, 18]
[13, 20, 10, 13]
[10, 12, 16, 11]
[13, 18, 14, 13]
[12, 14, 12, 10]
[10, 20, 20, 14]
[11, 18, 19, 10]
[14, 11, 17, 20] 34
-----------------
[0, 10, 80, 18]
[156, 12, 128, 26]
[12, 18, 17, 11]
[14, 17, 13, 18]
[13, 20, 10, 13]
[10, 12, 16, 11]
[13, 18, 14, 13]
[12, 14, 12, 10]
[10, 20, 20, 14]
[11, 18, 19, 10]
[14, 11, 17, 20] 35
-----------------
========================================
